{
 "cells": [
  {
   "cell_type": "code",
   "execution_count": 2,
   "metadata": {},
   "outputs": [],
   "source": [
    "import pandas as pd\n",
    "import plotly.express as px\n",
    "import plotly.graph_objects as go\n",
    "pd.set_option('display.max_columns', None)\n",
    "import numpy as np\n",
    "\n",
    "data = pd.read_excel('nba_stats.xlsx')"
   ]
  },
  {
   "cell_type": "code",
   "execution_count": 3,
   "metadata": {},
   "outputs": [
    {
     "data": {
      "text/plain": [
       "(3821, 27)"
      ]
     },
     "execution_count": 3,
     "metadata": {},
     "output_type": "execute_result"
    }
   ],
   "source": [
    "data.shape"
   ]
  },
  {
   "cell_type": "markdown",
   "metadata": {},
   "source": [
    "Data Cleaning"
   ]
  },
  {
   "cell_type": "code",
   "execution_count": 4,
   "metadata": {},
   "outputs": [],
   "source": [
    "data.drop(columns=['RANK','EFF'], inplace=True)"
   ]
  },
  {
   "cell_type": "code",
   "execution_count": 5,
   "metadata": {},
   "outputs": [],
   "source": [
    "data['season_start_year'] = data['Year'].str[:4].astype(int) # create a new column for the start year of the season as an integer"
   ]
  },
  {
   "cell_type": "code",
   "execution_count": 6,
   "metadata": {},
   "outputs": [
    {
     "name": "stderr",
     "output_type": "stream",
     "text": [
      "C:\\Users\\user\\AppData\\Local\\Temp\\ipykernel_7812\\639342632.py:1: FutureWarning: A value is trying to be set on a copy of a DataFrame or Series through chained assignment using an inplace method.\n",
      "The behavior will change in pandas 3.0. This inplace method will never work because the intermediate object on which we are setting values always behaves as a copy.\n",
      "\n",
      "For example, when doing 'df[col].method(value, inplace=True)', try using 'df.method({col: value}, inplace=True)' or df[col] = df[col].method(value) instead, to perform the operation inplace on the original object.\n",
      "\n",
      "\n",
      "  data['TEAM'].replace(to_replace=['NOP','NOH'], value='NO', inplace=True) # The hornets and pels are the same franchise\n"
     ]
    }
   ],
   "source": [
    "data['TEAM'].replace(to_replace=['NOP','NOH'], value='NO', inplace=True) # The hornets and pels are the same franchise"
   ]
  },
  {
   "cell_type": "code",
   "execution_count": 7,
   "metadata": {},
   "outputs": [],
   "source": [
    "rs_df = data[data['Season_type']=='Regular Season']\n",
    "playoffs_df = data[data['Season_type']=='Playoffs']"
   ]
  },
  {
   "cell_type": "code",
   "execution_count": 8,
   "metadata": {},
   "outputs": [
    {
     "data": {
      "text/plain": [
       "Index(['Year', 'Season_type', 'PLAYER_ID', 'PLAYER', 'TEAM_ID', 'TEAM', 'GP',\n",
       "       'MIN', 'FGM', 'FGA', 'FG_PCT', 'FG3M', 'FG3A', 'FG3_PCT', 'FTM', 'FTA',\n",
       "       'FT_PCT', 'OREB', 'DREB', 'REB', 'AST', 'STL', 'BLK', 'TOV', 'PTS',\n",
       "       'season_start_year'],\n",
       "      dtype='object')"
      ]
     },
     "execution_count": 8,
     "metadata": {},
     "output_type": "execute_result"
    }
   ],
   "source": [
    "data.columns"
   ]
  },
  {
   "cell_type": "code",
   "execution_count": 9,
   "metadata": {},
   "outputs": [],
   "source": [
    "total_cols = ['MIN','FGM','FGA','FG3M','FG3A','FTM','FTA',\n",
    "              'OREB','DREB','REB','AST','STL','BLK','TOV','PTS']"
   ]
  },
  {
   "cell_type": "markdown",
   "metadata": {},
   "source": [
    "Which player stats are correlated?"
   ]
  },
  {
   "cell_type": "code",
   "execution_count": 10,
   "metadata": {},
   "outputs": [
    {
     "data": {
      "application/vnd.plotly.v1+json": {
       "config": {
        "plotlyServerURL": "https://plot.ly"
       },
       "data": [
        {
         "coloraxis": "coloraxis",
         "hovertemplate": "x: %{x}<br>y: %{y}<br>color: %{z}<extra></extra>",
         "name": "0",
         "type": "heatmap",
         "x": [
          "MIN",
          "FGM",
          "FGA",
          "FG3M",
          "FG3A",
          "FTM",
          "FTA",
          "OREB",
          "DREB",
          "REB",
          "AST",
          "STL",
          "BLK",
          "TOV",
          "PTS",
          "FG%",
          "3PT%",
          "FT%",
          "FG3A%",
          "PTS/FGA",
          "FG3M/FGM",
          "FTA/FGA",
          "TRU%",
          "AST_TOV"
         ],
         "xaxis": "x",
         "y": [
          "MIN",
          "FGM",
          "FGA",
          "FG3M",
          "FG3A",
          "FTM",
          "FTA",
          "OREB",
          "DREB",
          "REB",
          "AST",
          "STL",
          "BLK",
          "TOV",
          "PTS",
          "FG%",
          "3PT%",
          "FT%",
          "FG3A%",
          "PTS/FGA",
          "FG3M/FGM",
          "FTA/FGA",
          "TRU%",
          "AST_TOV"
         ],
         "yaxis": "y",
         "z": [
          [
           1,
           0.4428982958264306,
           0.44476705352480544,
           0.09421416668243517,
           0.0959515055226957,
           0.4657994211136621,
           0.43895846803103156,
           -0.11373777994271422,
           0.09174057439057054,
           0.01985064807794482,
           0.35868571715330094,
           0.23112366854954813,
           -0.059943885859547935,
           0.3909422936598378,
           0.4833495014815477,
           0.016430662980970588,
           -0.013665817784187156,
           0.14876645349083567,
           -0.1151588895206155,
           0.15741505311485057,
           -0.11823676015742791,
           0.20488741406247876,
           0.06452922897626813,
           0.12271384329554116
          ],
          [
           0.4428982958264306,
           1,
           0.9142356430079569,
           0.1408116858945368,
           0.15561204173439355,
           0.6876769063768681,
           0.6546059242561947,
           0.016328235047586525,
           0.22094541821779376,
           0.1601263026784808,
           0.4043900091958297,
           0.053164659237252054,
           0.023534166138824072,
           0.6112771581232483,
           0.9532119037971507,
           0.21822757140548704,
           -0.04704504800721569,
           0.2214763339576251,
           -0.3107215576529459,
           0.21306679847289617,
           -0.33330991659953557,
           0.15664319980110175,
           0.1772887587283514,
           -0.04732003848918843
          ],
          [
           0.44476705352480544,
           0.9142356430079569,
           1,
           0.32482592335836025,
           0.38073417611741844,
           0.6869262148495145,
           0.5956989260461127,
           -0.22302206538275215,
           0.007931695600685306,
           -0.08095597398099659,
           0.4861509761472966,
           0.12185680697562343,
           -0.1855044870912251,
           0.6352311699976905,
           0.9302677360929014,
           -0.17495407623444126,
           0.01519310271852669,
           0.38185630825396794,
           -0.1061494267641253,
           -0.07507486327116171,
           -0.13532722787123233,
           0.009201605264942372,
           -0.10667968378333781,
           0.04643572109256342
          ],
          [
           0.09421416668243517,
           0.1408116858945368,
           0.32482592335836025,
           1,
           0.9720780065427918,
           0.03967409279059785,
           -0.10814820945445727,
           -0.6580964437864867,
           -0.41676709667314693,
           -0.5446089376132707,
           0.19961917954839623,
           0.11330373459216043,
           -0.4654851633530432,
           0.06255862677289882,
           0.309699356346255,
           -0.4606260765477823,
           0.5684229948903483,
           0.5052977582135952,
           0.8377172755167117,
           -0.0762116267144727,
           0.8408004674422646,
           -0.39715332309022244,
           0.20591608731016034,
           0.24757211211896815
          ],
          [
           0.0959515055226957,
           0.15561204173439355,
           0.38073417611741844,
           0.9720780065427918,
           1,
           0.08794118329878732,
           -0.060028943801011155,
           -0.6762461436758832,
           -0.4204565654879647,
           -0.5542074872754845,
           0.24902350931089628,
           0.15789197916787298,
           -0.4849305977035207,
           0.12509673870850596,
           0.33061130994657467,
           -0.5500869360349268,
           0.4866304306831998,
           0.501948318670441,
           0.8391956639116657,
           -0.16283277871642904,
           0.8099863434160743,
           -0.3853217603634693,
           0.07437155172562736,
           0.25271369571551855
          ],
          [
           0.4657994211136621,
           0.6876769063768681,
           0.6869262148495145,
           0.03967409279059785,
           0.08794118329878732,
           1,
           0.9517270061902363,
           0.009568515116715234,
           0.2133779905868306,
           0.1526732509753284,
           0.4597692769932781,
           0.15663335712288373,
           0.04466153249114377,
           0.6989704825901526,
           0.8222993897139766,
           0.058478601181928186,
           -0.1204152528819772,
           0.26453030502976915,
           -0.2864082005992558,
           0.42204789643088325,
           -0.30632737937700705,
           0.5973925493479303,
           0.13177261571194981,
           -0.04956204973319058
          ],
          [
           0.43895846803103156,
           0.6546059242561947,
           0.5956989260461127,
           -0.10814820945445727,
           -0.060028943801011155,
           0.9517270061902363,
           1,
           0.18095497694685578,
           0.36519972560217023,
           0.3248016945861624,
           0.3971978854651855,
           0.14056271901540252,
           0.18241118926342784,
           0.6909412742631096,
           0.7538192729692034,
           0.21361984877614296,
           -0.23030103708495453,
           -0.006126831337420156,
           -0.4106949513653972,
           0.5049935096222287,
           -0.4283613603864049,
           0.7535761083402797,
           0.12480992851325139,
           -0.13074669686985554
          ],
          [
           -0.11373777994271422,
           0.016328235047586525,
           -0.22302206538275215,
           -0.6580964437864867,
           -0.6762461436758832,
           0.009568515116715234,
           0.18095497694685578,
           1,
           0.6748426526012066,
           0.856729065962565,
           -0.3376289303287845,
           -0.20137093891050384,
           0.6341835937838217,
           -0.042889659820272576,
           -0.11603956224760985,
           0.634137482689328,
           -0.4742038492112151,
           -0.5519191456981618,
           -0.6560477935824724,
           0.3484478972837156,
           -0.633737259903243,
           0.45541678942753633,
           0.12601929991407126,
           -0.46532298332779337
          ],
          [
           0.09174057439057054,
           0.22094541821779376,
           0.007931695600685306,
           -0.41676709667314693,
           -0.4204565654879647,
           0.2133779905868306,
           0.36519972560217023,
           0.6748426526012066,
           1,
           0.9586662021416483,
           -0.11814406609002899,
           -0.1257485084112755,
           0.5584885167843211,
           0.19358838173310808,
           0.14207971594177374,
           0.5296246278528474,
           -0.29620974886595414,
           -0.4073300178447646,
           -0.46889395081504154,
           0.4085120190041085,
           -0.46766883479240234,
           0.4786804240404009,
           0.1906126633545571,
           -0.34954243963674714
          ],
          [
           0.01985064807794482,
           0.1601263026784808,
           -0.08095597398099659,
           -0.5446089376132707,
           -0.5542074872754845,
           0.1526732509753284,
           0.3248016945861624,
           0.856729065962565,
           0.9586662021416483,
           1,
           -0.21330444472262064,
           -0.16569922403922965,
           0.6347370162314105,
           0.11816024630433994,
           0.05418149519665627,
           0.6146977093914618,
           -0.38881360055265296,
           -0.49723849561420097,
           -0.5798805961581274,
           0.4203971773593807,
           -0.5704037815548079,
           0.5102146283370543,
           0.18249113479763057,
           -0.4240392870508608
          ],
          [
           0.35868571715330094,
           0.4043900091958297,
           0.4861509761472966,
           0.19961917954839623,
           0.24902350931089628,
           0.4597692769932781,
           0.3971978854651855,
           -0.3376289303287845,
           -0.11814406609002899,
           -0.21330444472262064,
           1,
           0.40318921650395684,
           -0.3294438766241981,
           0.723114835206873,
           0.4749448142092201,
           -0.1921178009356671,
           0.05333651008682492,
           0.2241533874787794,
           0.009305837562593868,
           -0.016891990555969037,
           -0.026619087561123005,
           0.08473092205305041,
           -0.08139573046583341,
           0.657129631607715
          ],
          [
           0.23112366854954813,
           0.053164659237252054,
           0.12185680697562343,
           0.11330373459216043,
           0.15789197916787298,
           0.15663335712288373,
           0.14056271901540252,
           -0.20137093891050384,
           -0.1257485084112755,
           -0.16569922403922965,
           0.40318921650395684,
           1,
           -0.16479053531221893,
           0.26361268503128393,
           0.11241027246485163,
           -0.18542640330885474,
           0.0133755097932062,
           -0.00009974308476515788,
           0.11751344087987546,
           -0.0677532246764909,
           0.08021300411490447,
           0.02947372972345491,
           -0.11133745454819975,
           0.30879341017715484
          ],
          [
           -0.059943885859547935,
           0.023534166138824072,
           -0.1855044870912251,
           -0.4654851633530432,
           -0.4849305977035207,
           0.04466153249114377,
           0.18241118926342784,
           0.6341835937838217,
           0.5584885167843211,
           0.6347370162314105,
           -0.3294438766241981,
           -0.16479053531221893,
           1,
           -0.059004461843738684,
           -0.06141659020581894,
           0.5368829987416056,
           -0.26214075050080565,
           -0.41332594996783395,
           -0.4469672147913178,
           0.36856829193980806,
           -0.43587338733969083,
           0.3911382846993736,
           0.2021041137706448,
           -0.4254409914774083
          ],
          [
           0.3909422936598378,
           0.6112771581232483,
           0.6352311699976905,
           0.06255862677289882,
           0.12509673870850596,
           0.6989704825901526,
           0.6909412742631096,
           -0.042889659820272576,
           0.19358838173310808,
           0.11816024630433994,
           0.723114835206873,
           0.26361268503128393,
           -0.059004461843738684,
           1,
           0.6719617360968876,
           -0.01692637002765295,
           -0.10249994943285158,
           0.09636052338497163,
           -0.2330354395712449,
           0.14931298381522365,
           -0.26368609059888004,
           0.34317631207341204,
           -0.05341760738527902,
           0.011652379124391966
          ],
          [
           0.4833495014815477,
           0.9532119037971507,
           0.9302677360929014,
           0.309699356346255,
           0.33061130994657467,
           0.8222993897139766,
           0.7538192729692034,
           -0.11603956224760985,
           0.14207971594177374,
           0.05418149519665627,
           0.4749448142092201,
           0.11241027246485163,
           -0.06141659020581894,
           0.6719617360968876,
           1,
           0.07920651716540378,
           0.032566411544130806,
           0.34277831881714244,
           -0.1458000696446518,
           0.2753935951273834,
           -0.16746178354027977,
           0.2318764448883835,
           0.2083869097606503,
           -0.0005775953205880005
          ],
          [
           0.016430662980970588,
           0.21822757140548704,
           -0.17495407623444126,
           -0.4606260765477823,
           -0.5500869360349268,
           0.058478601181928186,
           0.21361984877614296,
           0.634137482689328,
           0.5296246278528474,
           0.6146977093914618,
           -0.1921178009356671,
           -0.18542640330885474,
           0.5368829987416056,
           -0.01692637002765295,
           0.07920651716540378,
           1,
           -0.21807944119352038,
           -0.42443409720063763,
           -0.568447871233825,
           0.7612111858415723,
           -0.5468760902689803,
           0.4804308823785969,
           0.6760255475954473,
           -0.27438812153090764
          ],
          [
           -0.013665817784187156,
           -0.04704504800721569,
           0.01519310271852669,
           0.5684229948903483,
           0.4866304306831998,
           -0.1204152528819772,
           -0.23030103708495453,
           -0.4742038492112151,
           -0.29620974886595414,
           -0.38881360055265296,
           0.05333651008682492,
           0.0133755097932062,
           -0.26214075050080565,
           -0.10249994943285158,
           0.032566411544130806,
           -0.21807944119352038,
           1,
           0.3425327013221088,
           0.5142323182768139,
           -0.011699980252244998,
           0.5395998977785686,
           -0.37957882278122,
           0.23701275569116537,
           0.18685387773790504
          ],
          [
           0.14876645349083567,
           0.2214763339576251,
           0.38185630825396794,
           0.5052977582135952,
           0.501948318670441,
           0.26453030502976915,
           -0.006126831337420156,
           -0.5519191456981618,
           -0.4073300178447646,
           -0.49723849561420097,
           0.2241533874787794,
           -0.00009974308476515788,
           -0.41332594996783395,
           0.09636052338497163,
           0.34277831881714244,
           -0.42443409720063763,
           0.3425327013221088,
           1,
           0.3804280141405373,
           -0.12175341080537917,
           0.37938367294123726,
           -0.3449535572111149,
           0.10360760660127402,
           0.21989325732526194
          ],
          [
           -0.1151588895206155,
           -0.3107215576529459,
           -0.1061494267641253,
           0.8377172755167117,
           0.8391956639116657,
           -0.2864082005992558,
           -0.4106949513653972,
           -0.6560477935824724,
           -0.46889395081504154,
           -0.5798805961581274,
           0.009305837562593868,
           0.11751344087987546,
           -0.4469672147913178,
           -0.2330354395712449,
           -0.1458000696446518,
           -0.568447871233825,
           0.5142323182768139,
           0.3804280141405373,
           1,
           -0.22149666213018404,
           0.9824121158838814,
           -0.5193107179569206,
           0.09696806077911532,
           0.29136167831391546
          ],
          [
           0.15741505311485057,
           0.21306679847289617,
           -0.07507486327116171,
           -0.0762116267144727,
           -0.16283277871642904,
           0.42204789643088325,
           0.5049935096222287,
           0.3484478972837156,
           0.4085120190041085,
           0.4203971773593807,
           -0.016891990555969037,
           -0.0677532246764909,
           0.36856829193980806,
           0.14931298381522365,
           0.2753935951273834,
           0.7612111858415723,
           -0.011699980252244998,
           -0.12175341080537917,
           -0.22149666213018404,
           1,
           -0.19494961093746355,
           0.7094509937011131,
           0.8360641630695812,
           -0.179121916830886
          ],
          [
           -0.11823676015742791,
           -0.33330991659953557,
           -0.13532722787123233,
           0.8408004674422646,
           0.8099863434160743,
           -0.30632737937700705,
           -0.4283613603864049,
           -0.633737259903243,
           -0.46766883479240234,
           -0.5704037815548079,
           -0.026619087561123005,
           0.08021300411490447,
           -0.43587338733969083,
           -0.26368609059888004,
           -0.16746178354027977,
           -0.5468760902689803,
           0.5395998977785686,
           0.37938367294123726,
           0.9824121158838814,
           -0.19494961093746355,
           1,
           -0.5109624120950685,
           0.12752095141376024,
           0.2682407269934308
          ],
          [
           0.20488741406247876,
           0.15664319980110175,
           0.009201605264942372,
           -0.39715332309022244,
           -0.3853217603634693,
           0.5973925493479303,
           0.7535761083402797,
           0.45541678942753633,
           0.4786804240404009,
           0.5102146283370543,
           0.08473092205305041,
           0.02947372972345491,
           0.3911382846993736,
           0.34317631207341204,
           0.2318764448883835,
           0.4804308823785969,
           -0.37957882278122,
           -0.3449535572111149,
           -0.5193107179569206,
           0.7094509937011131,
           -0.5109624120950685,
           1,
           0.20951871562576602,
           -0.2480925786376735
          ],
          [
           0.06452922897626813,
           0.1772887587283514,
           -0.10667968378333781,
           0.20591608731016034,
           0.07437155172562736,
           0.13177261571194981,
           0.12480992851325139,
           0.12601929991407126,
           0.1906126633545571,
           0.18249113479763057,
           -0.08139573046583341,
           -0.11133745454819975,
           0.2021041137706448,
           -0.05341760738527902,
           0.2083869097606503,
           0.6760255475954473,
           0.23701275569116537,
           0.10360760660127402,
           0.09696806077911532,
           0.8360641630695812,
           0.12752095141376024,
           0.20951871562576602,
           1,
           -0.04974195099848135
          ],
          [
           0.12271384329554116,
           -0.04732003848918843,
           0.04643572109256342,
           0.24757211211896815,
           0.25271369571551855,
           -0.04956204973319058,
           -0.13074669686985554,
           -0.46532298332779337,
           -0.34954243963674714,
           -0.4240392870508608,
           0.657129631607715,
           0.30879341017715484,
           -0.4254409914774083,
           0.011652379124391966,
           -0.0005775953205880005,
           -0.27438812153090764,
           0.18685387773790504,
           0.21989325732526194,
           0.29136167831391546,
           -0.179121916830886,
           0.2682407269934308,
           -0.2480925786376735,
           -0.04974195099848135,
           1
          ]
         ]
        }
       ],
       "layout": {
        "coloraxis": {
         "colorscale": [
          [
           0,
           "#0d0887"
          ],
          [
           0.1111111111111111,
           "#46039f"
          ],
          [
           0.2222222222222222,
           "#7201a8"
          ],
          [
           0.3333333333333333,
           "#9c179e"
          ],
          [
           0.4444444444444444,
           "#bd3786"
          ],
          [
           0.5555555555555556,
           "#d8576b"
          ],
          [
           0.6666666666666666,
           "#ed7953"
          ],
          [
           0.7777777777777778,
           "#fb9f3a"
          ],
          [
           0.8888888888888888,
           "#fdca26"
          ],
          [
           1,
           "#f0f921"
          ]
         ]
        },
        "margin": {
         "t": 60
        },
        "template": {
         "data": {
          "bar": [
           {
            "error_x": {
             "color": "#2a3f5f"
            },
            "error_y": {
             "color": "#2a3f5f"
            },
            "marker": {
             "line": {
              "color": "#E5ECF6",
              "width": 0.5
             },
             "pattern": {
              "fillmode": "overlay",
              "size": 10,
              "solidity": 0.2
             }
            },
            "type": "bar"
           }
          ],
          "barpolar": [
           {
            "marker": {
             "line": {
              "color": "#E5ECF6",
              "width": 0.5
             },
             "pattern": {
              "fillmode": "overlay",
              "size": 10,
              "solidity": 0.2
             }
            },
            "type": "barpolar"
           }
          ],
          "carpet": [
           {
            "aaxis": {
             "endlinecolor": "#2a3f5f",
             "gridcolor": "white",
             "linecolor": "white",
             "minorgridcolor": "white",
             "startlinecolor": "#2a3f5f"
            },
            "baxis": {
             "endlinecolor": "#2a3f5f",
             "gridcolor": "white",
             "linecolor": "white",
             "minorgridcolor": "white",
             "startlinecolor": "#2a3f5f"
            },
            "type": "carpet"
           }
          ],
          "choropleth": [
           {
            "colorbar": {
             "outlinewidth": 0,
             "ticks": ""
            },
            "type": "choropleth"
           }
          ],
          "contour": [
           {
            "colorbar": {
             "outlinewidth": 0,
             "ticks": ""
            },
            "colorscale": [
             [
              0,
              "#0d0887"
             ],
             [
              0.1111111111111111,
              "#46039f"
             ],
             [
              0.2222222222222222,
              "#7201a8"
             ],
             [
              0.3333333333333333,
              "#9c179e"
             ],
             [
              0.4444444444444444,
              "#bd3786"
             ],
             [
              0.5555555555555556,
              "#d8576b"
             ],
             [
              0.6666666666666666,
              "#ed7953"
             ],
             [
              0.7777777777777778,
              "#fb9f3a"
             ],
             [
              0.8888888888888888,
              "#fdca26"
             ],
             [
              1,
              "#f0f921"
             ]
            ],
            "type": "contour"
           }
          ],
          "contourcarpet": [
           {
            "colorbar": {
             "outlinewidth": 0,
             "ticks": ""
            },
            "type": "contourcarpet"
           }
          ],
          "heatmap": [
           {
            "colorbar": {
             "outlinewidth": 0,
             "ticks": ""
            },
            "colorscale": [
             [
              0,
              "#0d0887"
             ],
             [
              0.1111111111111111,
              "#46039f"
             ],
             [
              0.2222222222222222,
              "#7201a8"
             ],
             [
              0.3333333333333333,
              "#9c179e"
             ],
             [
              0.4444444444444444,
              "#bd3786"
             ],
             [
              0.5555555555555556,
              "#d8576b"
             ],
             [
              0.6666666666666666,
              "#ed7953"
             ],
             [
              0.7777777777777778,
              "#fb9f3a"
             ],
             [
              0.8888888888888888,
              "#fdca26"
             ],
             [
              1,
              "#f0f921"
             ]
            ],
            "type": "heatmap"
           }
          ],
          "heatmapgl": [
           {
            "colorbar": {
             "outlinewidth": 0,
             "ticks": ""
            },
            "colorscale": [
             [
              0,
              "#0d0887"
             ],
             [
              0.1111111111111111,
              "#46039f"
             ],
             [
              0.2222222222222222,
              "#7201a8"
             ],
             [
              0.3333333333333333,
              "#9c179e"
             ],
             [
              0.4444444444444444,
              "#bd3786"
             ],
             [
              0.5555555555555556,
              "#d8576b"
             ],
             [
              0.6666666666666666,
              "#ed7953"
             ],
             [
              0.7777777777777778,
              "#fb9f3a"
             ],
             [
              0.8888888888888888,
              "#fdca26"
             ],
             [
              1,
              "#f0f921"
             ]
            ],
            "type": "heatmapgl"
           }
          ],
          "histogram": [
           {
            "marker": {
             "pattern": {
              "fillmode": "overlay",
              "size": 10,
              "solidity": 0.2
             }
            },
            "type": "histogram"
           }
          ],
          "histogram2d": [
           {
            "colorbar": {
             "outlinewidth": 0,
             "ticks": ""
            },
            "colorscale": [
             [
              0,
              "#0d0887"
             ],
             [
              0.1111111111111111,
              "#46039f"
             ],
             [
              0.2222222222222222,
              "#7201a8"
             ],
             [
              0.3333333333333333,
              "#9c179e"
             ],
             [
              0.4444444444444444,
              "#bd3786"
             ],
             [
              0.5555555555555556,
              "#d8576b"
             ],
             [
              0.6666666666666666,
              "#ed7953"
             ],
             [
              0.7777777777777778,
              "#fb9f3a"
             ],
             [
              0.8888888888888888,
              "#fdca26"
             ],
             [
              1,
              "#f0f921"
             ]
            ],
            "type": "histogram2d"
           }
          ],
          "histogram2dcontour": [
           {
            "colorbar": {
             "outlinewidth": 0,
             "ticks": ""
            },
            "colorscale": [
             [
              0,
              "#0d0887"
             ],
             [
              0.1111111111111111,
              "#46039f"
             ],
             [
              0.2222222222222222,
              "#7201a8"
             ],
             [
              0.3333333333333333,
              "#9c179e"
             ],
             [
              0.4444444444444444,
              "#bd3786"
             ],
             [
              0.5555555555555556,
              "#d8576b"
             ],
             [
              0.6666666666666666,
              "#ed7953"
             ],
             [
              0.7777777777777778,
              "#fb9f3a"
             ],
             [
              0.8888888888888888,
              "#fdca26"
             ],
             [
              1,
              "#f0f921"
             ]
            ],
            "type": "histogram2dcontour"
           }
          ],
          "mesh3d": [
           {
            "colorbar": {
             "outlinewidth": 0,
             "ticks": ""
            },
            "type": "mesh3d"
           }
          ],
          "parcoords": [
           {
            "line": {
             "colorbar": {
              "outlinewidth": 0,
              "ticks": ""
             }
            },
            "type": "parcoords"
           }
          ],
          "pie": [
           {
            "automargin": true,
            "type": "pie"
           }
          ],
          "scatter": [
           {
            "fillpattern": {
             "fillmode": "overlay",
             "size": 10,
             "solidity": 0.2
            },
            "type": "scatter"
           }
          ],
          "scatter3d": [
           {
            "line": {
             "colorbar": {
              "outlinewidth": 0,
              "ticks": ""
             }
            },
            "marker": {
             "colorbar": {
              "outlinewidth": 0,
              "ticks": ""
             }
            },
            "type": "scatter3d"
           }
          ],
          "scattercarpet": [
           {
            "marker": {
             "colorbar": {
              "outlinewidth": 0,
              "ticks": ""
             }
            },
            "type": "scattercarpet"
           }
          ],
          "scattergeo": [
           {
            "marker": {
             "colorbar": {
              "outlinewidth": 0,
              "ticks": ""
             }
            },
            "type": "scattergeo"
           }
          ],
          "scattergl": [
           {
            "marker": {
             "colorbar": {
              "outlinewidth": 0,
              "ticks": ""
             }
            },
            "type": "scattergl"
           }
          ],
          "scattermapbox": [
           {
            "marker": {
             "colorbar": {
              "outlinewidth": 0,
              "ticks": ""
             }
            },
            "type": "scattermapbox"
           }
          ],
          "scatterpolar": [
           {
            "marker": {
             "colorbar": {
              "outlinewidth": 0,
              "ticks": ""
             }
            },
            "type": "scatterpolar"
           }
          ],
          "scatterpolargl": [
           {
            "marker": {
             "colorbar": {
              "outlinewidth": 0,
              "ticks": ""
             }
            },
            "type": "scatterpolargl"
           }
          ],
          "scatterternary": [
           {
            "marker": {
             "colorbar": {
              "outlinewidth": 0,
              "ticks": ""
             }
            },
            "type": "scatterternary"
           }
          ],
          "surface": [
           {
            "colorbar": {
             "outlinewidth": 0,
             "ticks": ""
            },
            "colorscale": [
             [
              0,
              "#0d0887"
             ],
             [
              0.1111111111111111,
              "#46039f"
             ],
             [
              0.2222222222222222,
              "#7201a8"
             ],
             [
              0.3333333333333333,
              "#9c179e"
             ],
             [
              0.4444444444444444,
              "#bd3786"
             ],
             [
              0.5555555555555556,
              "#d8576b"
             ],
             [
              0.6666666666666666,
              "#ed7953"
             ],
             [
              0.7777777777777778,
              "#fb9f3a"
             ],
             [
              0.8888888888888888,
              "#fdca26"
             ],
             [
              1,
              "#f0f921"
             ]
            ],
            "type": "surface"
           }
          ],
          "table": [
           {
            "cells": {
             "fill": {
              "color": "#EBF0F8"
             },
             "line": {
              "color": "white"
             }
            },
            "header": {
             "fill": {
              "color": "#C8D4E3"
             },
             "line": {
              "color": "white"
             }
            },
            "type": "table"
           }
          ]
         },
         "layout": {
          "annotationdefaults": {
           "arrowcolor": "#2a3f5f",
           "arrowhead": 0,
           "arrowwidth": 1
          },
          "autotypenumbers": "strict",
          "coloraxis": {
           "colorbar": {
            "outlinewidth": 0,
            "ticks": ""
           }
          },
          "colorscale": {
           "diverging": [
            [
             0,
             "#8e0152"
            ],
            [
             0.1,
             "#c51b7d"
            ],
            [
             0.2,
             "#de77ae"
            ],
            [
             0.3,
             "#f1b6da"
            ],
            [
             0.4,
             "#fde0ef"
            ],
            [
             0.5,
             "#f7f7f7"
            ],
            [
             0.6,
             "#e6f5d0"
            ],
            [
             0.7,
             "#b8e186"
            ],
            [
             0.8,
             "#7fbc41"
            ],
            [
             0.9,
             "#4d9221"
            ],
            [
             1,
             "#276419"
            ]
           ],
           "sequential": [
            [
             0,
             "#0d0887"
            ],
            [
             0.1111111111111111,
             "#46039f"
            ],
            [
             0.2222222222222222,
             "#7201a8"
            ],
            [
             0.3333333333333333,
             "#9c179e"
            ],
            [
             0.4444444444444444,
             "#bd3786"
            ],
            [
             0.5555555555555556,
             "#d8576b"
            ],
            [
             0.6666666666666666,
             "#ed7953"
            ],
            [
             0.7777777777777778,
             "#fb9f3a"
            ],
            [
             0.8888888888888888,
             "#fdca26"
            ],
            [
             1,
             "#f0f921"
            ]
           ],
           "sequentialminus": [
            [
             0,
             "#0d0887"
            ],
            [
             0.1111111111111111,
             "#46039f"
            ],
            [
             0.2222222222222222,
             "#7201a8"
            ],
            [
             0.3333333333333333,
             "#9c179e"
            ],
            [
             0.4444444444444444,
             "#bd3786"
            ],
            [
             0.5555555555555556,
             "#d8576b"
            ],
            [
             0.6666666666666666,
             "#ed7953"
            ],
            [
             0.7777777777777778,
             "#fb9f3a"
            ],
            [
             0.8888888888888888,
             "#fdca26"
            ],
            [
             1,
             "#f0f921"
            ]
           ]
          },
          "colorway": [
           "#636efa",
           "#EF553B",
           "#00cc96",
           "#ab63fa",
           "#FFA15A",
           "#19d3f3",
           "#FF6692",
           "#B6E880",
           "#FF97FF",
           "#FECB52"
          ],
          "font": {
           "color": "#2a3f5f"
          },
          "geo": {
           "bgcolor": "white",
           "lakecolor": "white",
           "landcolor": "#E5ECF6",
           "showlakes": true,
           "showland": true,
           "subunitcolor": "white"
          },
          "hoverlabel": {
           "align": "left"
          },
          "hovermode": "closest",
          "mapbox": {
           "style": "light"
          },
